1 5 2819 2815 2816 160 159 
1 4 159 164 2370 2371 
1 5 2819 2823 2810 532 538 
1 4 2819 2820 497 499 
1 5 499 2898 2667 2669 2668 
1 3 499 496 1198 
1 31 538 535 534 539 1584 2492 536 541 533 540 532 538 2821 2825 2814 2810 495 537 1200 1203 1201 2494 2493 1583 2551 1429 1428 2018 2015 1352 1355 
1 4 2668 2670 2671 1984 
1 5 1198 1204 1202 2494 2495 
1 3 1984 655 654 
1 3 1355 1353 1606 
1 4 1355 1352 2015 2018 
1 3 654 1275 1277 
1 4 2495 1706 1703 1705 
1 3 1277 1275 861 
1 3 861 1963 1964 
1 5 1606 1630 2339 892 893 
1 4 1705 1702 1704 1332 
1 4 1964 2666 398 399 
1 3 893 899 1559 
1 3 1332 1369 2032 
1 3 2032 2029 2401 
1 2 399 1412 
1 4 2018 238 2631 428 
1 2 1412 2411 
1 4 1332 1330 1370 1365 
1 26 1964 1962 1964 1963 863 862 2666 398 399 1412 2411 2410 1408 1411 2409 2407 1845 1841 1844 1076 441 2945 2944 292 291 1602 
1 6 1559 2595 2593 1940 1939 1938 
1 5 2401 511 1039 1045 1040 
1 3 1938 295 294 
1 4 1040 1045 512 518 
1 3 1602 2294 2295 
1 2 294 2091 
1 3 1602 291 292 
1 4 2295 484 480 1690 
1 6 292 2944 2945 441 1076 1844 
1 5 1365 2684 2423 2429 2425 
1 4 2425 2429 2426 2181 
1 3 1690 1691 2067 
1 5 518 516 2084 2072 2082 
1 3 1844 1076 441 
1 3 2425 189 193 
1 4 2295 484 1376 1375 
1 2 1375 486 
1 2 2181 330 
1 3 2067 2066 714 
1 4 193 187 190 1792 
1 4 2082 468 1942 1945 
1 3 486 829 832 
1 23 832 1774 832 829 486 1375 1376 479 485 482 830 831 828 827 1265 1775 1771 1776 1772 2596 335 1753 1747 
1 5 1792 2754 2750 2748 2749 
1 4 1747 336 335 2596 
1 2 2596 1772 
1 2 2749 684 
1 4 832 831 833 1267 
1 3 1772 773 2009 
1 2 2009 771 
1 4 1747 1749 2257 1632 
1 4 684 680 2555 2554 
1 5 2554 2462 2321 1239 963 
1 3 2554 2462 2463 
1 3 1632 1633 2928 
1 2 2463 2322 
1 2 1632 1676 
1 2 2928 1831 
1 4 1267 1264 1249 173 
1 4 173 174 1648 1479 
1 2 1479 1649 
1 4 963 883 879 880 
1 7 1945 1943 1947 2250 2242 2247 2243 
1 4 1479 1482 2841 2842 
1 2 880 1828 
1 5 1828 1827 2129 286 288 
1 7 2243 2914 2909 2915 2912 1800 2488 
1 2 2488 1801 
1 3 2243 2911 2903 
1 5 173 171 2343 2345 698 
1 3 288 2126 1425 
1 5 698 1278 875 759 758 
1 7 2842 711 712 2845 2847 2846 1734 
1 3 698 696 876 
1 3 1425 2125 2124 
1 5 1734 2548 2549 1864 1862 
1 2 2124 2204 
1 3 2204 2205 1666 
1 3 1862 1864 2549 
1 4 1734 365 364 1030 
1 2 2549 2000 
1 2 2204 2848 
1 4 1666 1067 1177 1176 
1 4 876 874 868 724 
1 4 1030 1026 1029 232 
1 3 1176 1270 702 
1 5 232 230 1024 2133 2131 
1 4 702 703 1803 1806 
1 4 724 867 799 2051 
1 5 702 1860 1859 2491 1360 
1 5 2131 2130 2136 2422 2415 
1 2 1360 1194 
1 3 1194 1196 269 
1 6 269 273 1449 2466 1815 1779 
1 3 2415 1900 1875 
1 4 1779 1787 635 644 
1 3 1194 1869 1867 
1 3 1875 1134 1137 
1 4 269 273 270 2203 
1 4 269 1193 2105 2108 
1 3 2203 2195 1077 
1 3 1077 1080 984 
1 4 2108 1250 769 766 
1 4 1137 1106 1104 380 
1 10 380 1104 1106 1105 380 1857 1855 1853 1858 1821 
1 2 766 584 
1 3 1821 1145 1144 
1 2 380 1857 
1 5 984 733 730 734 732 
1 7 644 1302 2689 2694 1513 2377 1440 
1 3 732 199 202 
1 4 1857 1856 1390 1227 
1 4 1144 1146 1147 1546 
1 4 732 736 1925 1923 
1 6 1440 1510 1509 1514 1511 1109 
1 5 1227 1391 614 618 613 
1 2 1227 1391 
1 3 202 1401 2544 
1 2 2544 1350 
1 5 1440 1443 1447 315 1225 
1 4 1546 1544 2706 1212 
1 3 1391 2446 2444 
1 2 1225 308 
1 5 1225 1226 1223 1187 1185 
1 2 2444 2382 
1 5 2544 2543 626 624 625 
1 8 1185 1190 377 379 1215 1242 1244 1262 
1 3 1350 1351 558 
1 5 1212 1211 1300 1301 902 
1 4 2382 2384 2896 2893 
1 4 308 1553 1552 1555 
1 2 902 1461 
1 3 1555 1554 1933 
1 4 625 1069 1070 1072 
1 5 1185 1186 1188 2767 2766 
1 3 2766 1852 1851 
1 2 2766 267 
1 3 1461 1454 1456 
1 4 2893 2827 2826 217 
1 7 217 850 1498 2715 2713 2710 2714 
1 3 1072 806 808 
1 3 217 850 1498 
1 7 1109 1637 1638 1635 460 590 587 
1 5 1072 256 258 259 247 
1 4 1555 2773 2774 2770 
1 2 1456 2040 
1 3 1851 1849 1161 
1 4 2040 1456 1347 1344 
1 3 2040 419 2755 
1 5 267 260 1541 1539 1543 
1 2 2770 1619 
1 3 2040 419 2938 
1 3 808 1465 578 
1 3 587 776 777 
1 2 578 1466 
1 2 2755 418 
1 4 1619 1616 1621 389 
1 2 578 1732 
1 4 1498 852 855 853 
1 5 1161 1165 1162 1696 1698 
1 3 1344 1582 1580 
1 3 777 1049 1050 
1 5 2714 2710 2618 2621 1715 
1 3 1619 1614 1343 
1 3 1698 1701 576 
1 3 1050 1046 356 
1 4 853 846 851 2624 
1 4 853 844 859 1891 
1 2 1580 789 
1 3 576 749 747 
1 2 1891 1055 
1 4 1698 1699 817 815 
1 4 389 390 1327 1099 
1 2 789 1996 
1 4 2624 794 796 797 
1 2 1099 1329 
1 2 1055 2468 
1 4 1343 1315 1317 1523 
1 3 1523 1527 1316 
1 4 2468 1056 1053 1756 
1 4 1316 1767 1768 1657 
1 2 1329 2223 
1 4 747 750 952 948 
1 4 815 2648 2146 2148 
1 4 2468 2470 723 2741 
1 4 797 2448 2453 2451 
1 3 1657 1768 2789 
1 2 2789 1769 
1 3 1756 417 413 
1 3 2451 1297 720 
1 3 2223 2520 2519 
1 7 1715 2601 1741 1062 2565 2567 2572 
1 4 2741 2740 676 675 
1 7 948 648 1644 932 1825 1671 1673 
1 3 720 1296 1294 
1 3 2148 243 242 
1 6 1294 782 2727 1388 2553 1587 
1 5 2223 1234 1723 1726 1233 
1 2 2572 1472 
1 4 948 648 651 1013 
1 2 1013 649 
1 3 1233 1724 1719 
1 3 1233 1237 178 
1 3 1673 1672 1309 
1 3 1472 2104 2100 
1 2 1587 1382 
1 2 1719 2721 
1 4 1294 782 783 2151 
1 3 649 1016 2297 
1 3 1382 1383 1548 
1 2 2297 463 
1 2 2151 631 
1 4 1309 503 500 501 
1 3 2100 452 454 
1 5 501 1594 1595 1402 2283 
1 3 631 634 2512 
1 5 1548 1549 1550 2312 2933 
1 2 2512 2310 
1 5 454 1324 2833 2274 2273 
1 6 2283 2289 2287 2290 2677 2674 
1 3 2933 2936 396 
1 4 2310 2314 2309 1519 
1 4 2273 2275 2276 1497 
1 2 1519 2529 
1 4 1497 1495 2507 2504 
1 3 2504 2505 1565 
1 4 396 1895 2005 2002 
1 4 1565 666 668 662 
1 4 2002 967 2889 2890 
1 3 1565 914 909 
1 2 662 2432 
1 2 909 2118 
1 3 2118 1762 283 
1 2 283 1763 
1 47 2529 2309 2529 1519 2528 2530 2525 2524 814 2003 2004 2526 2527 2531 1521 1520 2318 2314 2313 2310 2311 2317 2934 1518 2936 2532 396 1895 2005 2002 2723 2614 2615 1563 1560 2844 742 744 743 449 446 2656 2654 1283 220 218 219 
1 4 2890 2176 306 1121 
1 6 2002 2723 2614 2615 1563 1560 
1 2 219 1011 
1 8 1560 2844 742 744 743 449 446 2656 
1 3 1121 1123 2875 
1 2 2656 446 
1 4 1560 1563 2267 2269 
1 3 446 449 743 
1 3 2269 2266 2737 
1 5 2875 2873 544 543 1920 
1 4 446 447 1319 1322 
1 3 2875 2873 1431 
1 3 1322 955 956 
1 3 1920 1919 546 
1 5 2269 1285 1287 1288 1289 
1 4 1920 1918 198 197 
1 4 1322 1321 2390 2389 
1 4 2737 477 473 472 
1 3 197 195 887 
1 4 1289 2351 2355 2353 
1 4 1431 1433 2577 2578 
1 3 2578 2022 2023 
1 3 472 2880 2884 
1 3 472 2679 2652 
1 2 2652 1949 
1 2 2884 826 
1 3 2578 2306 2305 
1 3 2305 2302 407 
1 3 152 151 125 
1 3 407 2637 2634 
1 3 111 113 110 
1 4 110 109 114 115 
1 3 89 39 36 
1 2 36 70 
1 3 70 51 50 
1 3 50 79 80 
