1 36
1 50
1 70
1 80
1 89
1 110
1 111
1 115
1 125
1 152
1 159
1 173
1 178
1 193
1 197
1 202
1 217
1 219
1 232
1 242
1 247
1 267
1 269
1 283
1 288
1 292
1 294
1 308
1 330
1 356
1 380
1 389
1 396
1 399
1 407
1 413
1 418
1 428
1 441
1 446
1 454
1 463
1 472
1 486
1 499
1 501
1 518
1 538
1 546
1 558
1 576
1 578
1 584
1 587
1 613
1 625
1 631
1 644
1 649
1 654
1 662
1 675
1 684
1 698
1 702
1 714
1 720
1 724
1 732
1 743
1 747
1 758
1 766
1 771
1 777
1 789
1 797
1 808
1 815
1 826
1 832
1 853
1 861
1 876
1 880
1 887
1 893
1 902
1 909
1 948
1 956
1 963
1 984
1 1011
1 1013
1 1030
1 1040
1 1050
1 1055
1 1072
1 1077
1 1099
1 1109
1 1121
1 1137
1 1144
1 1161
1 1176
1 1185
1 1194
1 1198
1 1212
1 1225
1 1227
1 1233
1 1262
1 1267
1 1277
1 1289
1 1294
1 1309
1 1316
1 1322
1 1329
1 1332
1 1343
1 1344
1 1350
1 1355
1 1360
1 1365
1 1375
1 1382
1 1391
1 1412
1 1425
1 1431
1 1440
1 1456
1 1461
1 1466
1 1472
1 1479
1 1497
1 1498
1 1519
1 1523
1 1543
1 1546
1 1548
1 1555
1 1559
1 1560
1 1565
1 1580
1 1587
1 1602
1 1606
1 1619
1 1632
1 1649
1 1657
1 1666
1 1673
1 1676
1 1690
1 1698
1 1705
1 1715
1 1719
1 1732
1 1734
1 1747
1 1756
1 1763
1 1769
1 1772
1 1779
1 1792
1 1801
1 1806
1 1821
1 1828
1 1831
1 1844
1 1851
1 1857
1 1862
1 1867
1 1875
1 1891
1 1920
1 1923
1 1933
1 1938
1 1945
1 1949
1 1964
1 1984
1 1996
1 2000
1 2002
1 2009
1 2018
1 2023
1 2032
1 2040
1 2051
1 2067
1 2082
1 2091
1 2100
1 2108
1 2118
1 2124
1 2131
1 2148
1 2151
1 2181
1 2203
1 2204
1 2223
1 2243
1 2269
1 2273
1 2283
1 2295
1 2297
1 2305
1 2310
1 2322
1 2353
1 2371
1 2382
1 2389
1 2401
1 2411
1 2415
1 2425
1 2432
1 2444
1 2451
1 2463
1 2468
1 2488
1 2495
1 2504
1 2512
1 2519
1 2529
1 2544
1 2549
1 2554
1 2572
1 2578
1 2596
1 2624
1 2634
1 2652
1 2656
1 2668
1 2674
1 2714
1 2721
1 2737
1 2741
1 2749
1 2755
1 2766
1 2770
1 2789
1 2819
1 2842
1 2848
1 2875
1 2884
1 2890
1 2893
1 2903
1 2928
1 2933
1 2938
